9.985514879226684570e-01 9.708771705627441406e-01 8.466944694519042969e-01
1.000000047497451305e-03 4.129153210669755936e-03 1.100129708647727966e-01
7.793322205543518066e-02 1.028116717934608459e-01 1.000000047497451305e-03
1.000000047497451305e-03 9.464052915573120117e-01 8.986067771911621094e-01
8.804036974906921387e-01 1.000000047497451305e-03 1.091692503541707993e-02
6.108171120285987854e-02 4.928251355886459351e-02 1.884884200990200043e-02
5.813342984765768051e-03 1.865170081146061420e-03 9.870027303695678711e-01
9.577233195304870605e-01 9.626785516738891602e-01 1.000000047497451305e-03
1.185793895274400711e-02 4.833609331399202347e-03 6.572572588920593262e-01
9.558206051588058472e-02 1.054797247052192688e-01 6.658596545457839966e-02
1.991340890526771545e-03 8.756805956363677979e-02 3.036804869771003723e-02
6.327085942029953003e-02 9.222537279129028320e-03 1.000000047497451305e-03
