8.984615094959735870e-03 8.739784359931945801e-03 9.309378452599048615e-03 9.141745045781135559e-03 1.062986068427562714e-02 1.072532869875431061e-02 4.469173960387706757e-03 4.445868078619241714e-03 4.333417862653732300e-03 4.016716033220291138e-03 4.025130067020654678e-03 4.512319341301918030e-03
8.838766254484653473e-03 8.792848326265811920e-03 9.591015987098217010e-03 9.264609776437282562e-03 1.030150055885314941e-02 1.049465592950582504e-02 4.505880642682313919e-03 4.503672011196613312e-03 4.385311156511306763e-03 4.064192995429039001e-03 4.079889971762895584e-03 4.510987550020217896e-03
8.865638636052608490e-03 8.811912499368190765e-03 9.353527799248695374e-03 9.108699858188629150e-03 1.063127815723419189e-02 1.080764085054397583e-02 4.433268215507268906e-03 4.467831924557685852e-03 4.335412755608558655e-03 3.999704029411077499e-03 4.037647973746061325e-03 4.480767995119094849e-03
8.937732316553592682e-03 8.713532239198684692e-03 9.461532346904277802e-03 9.246548637747764587e-03 1.042493712157011032e-02 1.047445740550756454e-02 4.523527808487415314e-03 4.483846016228199005e-03 4.380234982818365097e-03 4.072359297424554825e-03 4.071307834237813950e-03 4.543317016214132309e-03
8.795941248536109924e-03 8.864633738994598389e-03 9.482347406446933746e-03 9.199909865856170654e-03 1.046145800501108170e-02 1.069444697350263596e-02 4.447150044143199921e-03 4.500517155975103378e-03 4.357677884399890900e-03 4.011561162769794464e-03 4.054537974298000336e-03 4.463156219571828842e-03
8.964071981608867645e-03 8.721941150724887848e-03 9.334917180240154266e-03 9.144269861280918121e-03 1.061641238629817963e-02 1.060868147760629654e-02 4.513778723776340485e-03 4.458694718778133392e-03 4.350566305220127106e-03 4.045364446938037872e-03 4.046940710395574570e-03 4.527691751718521118e-03
8.803774602711200714e-03 8.802756667137145996e-03 9.559212252497673035e-03 9.268654510378837585e-03 1.032381132245063782e-02 1.053191721439361572e-02 4.489577375352382660e-03 4.524736665189266205e-03 4.394951742142438889e-03 4.055334255099296570e-03 4.081605002284049988e-03 4.496996290981769562e-03
8.915388956665992737e-03 8.780202828347682953e-03 9.312488138675689697e-03 9.109547361731529236e-03 1.063011400401592255e-02 1.079785451292991638e-02 4.465060774236917496e-03 4.462046083062887192e-03 4.338845610618591309e-03 4.008043557405471802e-03 4.031520336866378784e-03 4.482219461351633072e-03
8.891824632883071899e-03 8.730053901672363281e-03 9.509661234915256500e-03 9.309517219662666321e-03 1.034443359822034836e-02 1.045207772403955460e-02 4.526697564870119095e-03 4.499801434576511383e-03 4.389501642435789108e-03 4.074050113558769226e-03 4.077004734426736832e-03 4.528707358986139297e-03
8.833358995616436005e-03 8.862379938364028931e-03 9.404188022017478943e-03 9.134790860116481781e-03 1.048929616808891296e-02 1.083822827786207199e-02 4.435947630554437637e-03 4.490070044994354248e-03 4.349821712821722031e-03 3.999778535217046738e-03 4.040427040308713913e-03 4.455049056559801102e-03
8.961469866335391998e-03 8.696331642568111420e-03 9.417650289833545685e-03 9.212040342390537262e-03 1.051491405814886093e-02 1.053066179156303406e-02 4.510986618697643280e-03 4.468608647584915161e-03 4.366174340248107910e-03 4.058221820741891861e-03 4.058504477143287659e-03 4.537765868008136749e-03
8.788992650806903839e-03 8.842247538268566132e-03 9.530317038297653198e-03 9.233565069735050201e-03 1.032280083745718002e-02 1.071075443178415298e-02 4.460100084543228149e-03 4.504699259996414185e-03 4.372010007500648499e-03 4.031409509479999542e-03 4.062263760715723038e-03 4.474174231290817261e-03
8.824160322546958923e-03 8.875251747667789459e-03 9.423387236893177032e-03 9.124470874667167664e-03 1.053593493998050690e-02 1.080279890447854996e-02 4.434388596564531326e-03 4.479924682527780533e-03 4.338660743087530136e-03 3.996160347014665604e-03 4.041057545691728592e-03 4.457140807062387466e-03
8.956916630268096924e-03 8.695240132510662079e-03 9.402976371347904205e-03 9.200002998113632202e-03 1.056259777396917343e-02 1.048693992197513580e-02 4.521388094872236252e-03 4.467854741960763931e-03 4.364260472357273102e-03 4.063860513269901276e-03 4.062111023813486099e-03 4.549188539385795593e-03
8.782573044300079346e-03 8.845613338053226471e-03 9.529086761176586151e-03 9.217026643455028534e-03 1.035475544631481171e-02 1.065440475940704346e-02 4.466640762984752655e-03 4.518171306699514389e-03 4.381196573376655579e-03 4.035711754113435745e-03 4.070772323757410049e-03 4.477389156818389893e-03
8.963307365775108337e-03 8.733218535780906677e-03 9.305472485721111298e-03 9.141863323748111725e-03 1.067036949098110199e-02 1.066833455115556717e-02 4.488356411457061768e-03 4.454689566045999527e-03 4.339973907917737961e-03 4.023006185889244080e-03 4.034180659800767899e-03 4.510566592216491699e-03
8.830574341118335724e-03 8.784673176705837250e-03 9.553542360663414001e-03 9.287996217608451843e-03 1.029925607144832611e-02 1.048275828361511230e-02 4.520941991358995438e-03 4.514758009463548660e-03 4.394273739308118820e-03 4.070492926985025406e-03 4.084267187863588333e-03 4.509814549237489700e-03
8.874879218637943268e-03 8.816201239824295044e-03 9.334436617791652679e-03 9.114324115216732025e-03 1.061297021806240082e-02 1.081028580665588379e-02 4.439537879079580307e-03 4.480282776057720184e-03 4.344510845839977264e-03 3.998954314738512039e-03 4.036782309412956238e-03 4.470171406865119934e-03
8.923838846385478973e-03 8.709727786481380463e-03 9.476586245000362396e-03 9.251332841813564301e-03 1.040088944137096405e-02 1.048467215150594711e-02 4.530139267444610596e-03 4.488688427954912186e-03 4.385225009173154831e-03 4.074245691299438477e-03 4.074179567396640778e-03 4.533818457275629044e-03
8.799316361546516418e-03 8.849824778735637665e-03 9.461645968258380890e-03 9.213745594024658203e-03 1.041498500853776932e-02 1.077467296272516251e-02 4.442218225449323654e-03 4.498698748648166656e-03 4.359026439487934113e-03 4.010763019323348999e-03 4.048110451549291611e-03 4.460332915186882019e-03
8.997890166938304901e-03 8.720029145479202271e-03 9.337139315903186798e-03 9.159271605312824249e-03 1.055594254285097122e-02 1.066218316555023193e-02 4.500940442085266113e-03 4.452419001609086990e-03 4.347952082753181458e-03 4.038832616060972214e-03 4.036470316350460052e-03 4.524262621998786926e-03
8.801834657788276672e-03 8.817061781883239746e-03 9.599040262401103973e-03 9.265399537980556488e-03 1.029972918331623077e-02 1.055706385523080826e-02 4.478683695197105408e-03 4.512348212301731110e-03 4.384210798889398575e-03 4.048848524689674377e-03 4.076447803527116776e-03 4.492669366300106049e-03
8.919671177864074707e-03 8.777041919529438019e-03 9.312064386904239655e-03 9.092942811548709869e-03 1.063758041709661484e-02 1.083803456276655197e-02 4.447703249752521515e-03 4.450144246220588684e-03 4.330103285610675812e-03 4.005677066743373871e-03 4.028989002108573914e-03 4.493387416005134583e-03
8.904096670448780060e-03 8.732347749173641205e-03 9.527978487312793732e-03 9.302461519837379456e-03 1.034430600702762604e-02 1.044402830302715302e-02 4.512624349445104599e-03 4.494605120271444321e-03 4.386039450764656067e-03 4.071983974426984787e-03 4.075749311596155167e-03 4.537117667496204376e-03
8.817390538752079010e-03 8.841443806886672974e-03 9.540810249745845795e-03 9.207578375935554504e-03 1.039849594235420227e-02 1.063347794115543365e-02 4.463814664632081985e-03 4.493466578423976898e-03 4.362856037914752960e-03 4.029617644846439362e-03 4.062078893184661865e-03 4.482307936996221542e-03
8.923704735934734344e-03 8.753459900617599487e-03 9.354167617857456207e-03 9.138434194028377533e-03 1.063094474375247955e-02 1.067665498703718185e-02 4.473491571843624115e-03 4.457076080143451691e-03 4.340897314250469208e-03 4.026559181511402130e-03 4.042765591293573380e-03 4.515186883509159088e-03
8.863220922648906708e-03 8.777122944593429565e-03 9.515312500298023224e-03 9.250733070075511932e-03 1.037714723497629166e-02 1.051535550504922867e-02 4.498675465583801270e-03 4.503281321376562119e-03 4.384001716971397400e-03 4.058712627738714218e-03 4.074234981089830399e-03 4.515543114393949509e-03
8.866668678820133209e-03 8.816766552627086639e-03 9.391796775162220001e-03 9.146726690232753754e-03 1.059483084827661514e-02 1.070284098386764526e-02 4.460834898054599762e-03 4.476833157241344452e-03 4.344697576016187668e-03 4.010210279375314713e-03 4.043562803417444229e-03 4.477561917155981064e-03
8.905488066375255585e-03 8.733859285712242126e-03 9.438213892281055450e-03 9.228083305060863495e-03 1.047437172383069992e-02 1.050472538918256760e-02 4.525901284068822861e-03 4.486715886741876602e-03 4.375463817268610001e-03 4.064449109137058258e-03 4.068822599947452545e-03 4.527236334979534149e-03
8.826691657304763794e-03 8.826023899018764496e-03 9.451337158679962158e-03 9.197824634611606598e-03 1.044481433928012848e-02 1.068417448550462723e-02 4.462653305381536484e-03 4.508887417614459991e-03 4.372778348624706268e-03 4.024836700409650803e-03 4.058522172272205353e-03 4.474796354770660400e-03
8.936540223658084869e-03 8.737083524465560913e-03 9.376634843647480011e-03 9.178310632705688477e-03 1.054899021983146667e-02 1.062734704464673996e-02 4.502489231526851654e-03 4.471053835004568100e-03 4.358952865004539490e-03 4.039377905428409576e-03 4.048901610076427460e-03 4.507652483880519867e-03
8.830722421407699585e-03 8.793817833065986633e-03 9.507108479738235474e-03 9.272287599742412567e-03 1.034289598464965820e-02 1.060425490140914917e-02 4.489851184189319611e-03 4.505060613155364990e-03 4.380331840366125107e-03 4.047577269375324249e-03 4.067259840667247772e-03 4.492163658142089844e-03
8.924536406993865967e-03 8.788540028035640717e-03 9.347657673060894012e-03 9.140715003013610840e-03 1.054275222122669220e-02 1.078990008682012558e-02 4.457089584320783615e-03 4.468388855457305908e-03 4.345770459622144699e-03 4.011586774140596390e-03 4.032041411846876144e-03 4.484354518353939056e-03
8.889976888895034790e-03 8.751270361244678497e-03 9.524752385914325714e-03 9.255951270461082458e-03 1.037390902638435364e-02 1.053116284310817719e-02 4.500680603086948395e-03 4.488301929086446762e-03 4.376831464469432831e-03 4.057367332279682159e-03 4.067624453455209732e-03 4.515511449426412582e-03
8.845082484185695648e-03 8.824664168059825897e-03 9.423470124602317810e-03 9.164827875792980194e-03 1.047784276306629181e-02 1.080843713134527206e-02 4.442025441676378250e-03 4.474916961044073105e-03 4.345716908574104309e-03 4.010349977761507034e-03 4.040764644742012024e-03 4.475237336009740829e-03
8.966142311692237854e-03 8.728222921490669250e-03 9.411885403096675873e-03 9.210977703332901001e-03 1.049125194549560547e-02 1.059054303914308548e-02 4.490436986088752747e-03 4.463872406631708145e-03 4.357448313385248184e-03 4.045160952955484390e-03 4.047556314617395401e-03 4.529831930994987488e-03
8.894010446965694427e-03 8.769228123128414154e-03 9.443048387765884399e-03 9.241242893040180206e-03 1.047958433628082275e-02 1.060021296143531799e-02 4.476788919419050217e-03 4.481484182178974152e-03 4.361016210168600082e-03 4.033653996884822845e-03 4.050868563354015350e-03 4.502192605286836624e-03
8.882198482751846313e-03 8.807012811303138733e-03 9.439731016755104065e-03 9.173919446766376495e-03 1.045940816402435303e-02 1.068343967199325562e-02 4.481488838791847229e-03 4.478789400309324265e-03 4.357329569756984711e-03 4.031070973724126816e-03 4.050049930810928345e-03 4.488891921937465668e-03
8.886961266398429871e-03 8.764828555285930634e-03 9.450804442167282104e-03 9.212581440806388855e-03 1.050359010696411133e-02 1.059277728199958801e-02 4.475481808185577393e-03 4.483717028051614761e-03 4.363463725894689560e-03 4.036313388496637344e-03 4.056566394865512848e-03 4.506247583776712418e-03
8.873369544744491577e-03 8.792913518846035004e-03 9.444689378142356873e-03 9.182912297546863556e-03 1.044657453894615173e-02 1.068857777863740921e-02 4.478829912841320038e-03 4.481975454837083817e-03 4.362429492175579071e-03 4.034725949168205261e-03 4.053609911352396011e-03 4.492728970944881439e-03
8.902261964976787567e-03 8.766348473727703094e-03 9.430488571524620056e-03 9.231423959136009216e-03 1.050091255456209183e-02 1.060662698000669479e-02 4.475906491279602051e-03 4.477859009057283401e-03 4.357970785349607468e-03 4.031722899526357651e-03 4.048460628837347031e-03 4.503360018134117126e-03
8.877329528331756592e-03 8.806037716567516327e-03 9.453361853957176208e-03 9.182672016322612762e-03 1.044593937695026398e-02 1.066091470420360565e-02 4.485521931201219559e-03 4.481546115130186081e-03 4.360381979495286942e-03 4.034953657537698746e-03 4.053450655192136765e-03 4.491223488003015518e-03
8.884454146027565002e-03 8.769760839641094208e-03 9.440057910978794098e-03 9.203902445733547211e-03 1.051945053040981293e-02 1.060809474438428879e-02 4.471742548048496246e-03 4.483343567699193954e-03 4.361428320407867432e-03 4.032738506793975830e-03 4.055020865052938461e-03 4.503342788666486740e-03
8.878882974386215210e-03 8.785538375377655029e-03 9.445566684007644653e-03 9.188352152705192566e-03 1.044547650963068008e-02 1.066630426794290543e-02 4.484513774514198303e-03 4.482818301767110825e-03 4.364788066595792770e-03 4.038697108626365662e-03 4.055707715451717377e-03 4.496691282838582993e-03
8.891121484339237213e-03 8.774596266448497772e-03 9.434548206627368927e-03 9.231753647327423096e-03 1.049600727856159210e-02 1.061474997550249100e-02 4.473530221730470657e-03 4.480787552893161774e-03 4.358642268925905228e-03 4.029892385005950928e-03 4.048985429108142853e-03 4.498715978115797043e-03
8.887512609362602234e-03 8.798297494649887085e-03 9.439799003303050995e-03 9.179197251796722412e-03 1.045822910964488983e-02 1.066291984170675278e-02 4.488152451813220978e-03 4.479240626096725464e-03 4.359523300081491470e-03 4.035365767776966095e-03 4.051892086863517761e-03 4.493208136409521103e-03
8.877626620233058929e-03 8.772487752139568329e-03 9.454024024307727814e-03 9.213091805577278137e-03 1.049641706049442291e-02 1.060135196894407272e-02 4.473039880394935608e-03 4.487073980271816254e-03 4.364639986306428909e-03 4.034585785120725632e-03 4.057031124830245972e-03 4.501965362578630447e-03
8.882682770490646362e-03 8.786128833889961243e-03 9.433170780539512634e-03 9.179690852761268616e-03 1.045912317931652069e-02 1.068803016096353531e-02 4.481113981455564499e-03 4.479835741221904755e-03 4.361615981906652451e-03 4.035003948956727982e-03 4.052531439810991287e-03 4.494416061788797379e-03
8.934442885220050812e-03 8.761168457567691803e-03 9.233068674802780151e-03 9.063418023288249969e-03 1.089924294501543045e-02 1.072976179420948029e-02 4.441540222615003586e-03 4.441521596163511276e-03 4.311057273298501968e-03 3.990123514086008072e-03 4.025462083518505096e-03 4.502523224800825119e-03
8.860544301569461823e-03 8.731492795050144196e-03 9.561568498611450195e-03 9.277076460421085358e-03 1.027760934084653854e-02 1.034328620880842209e-02 4.574017599225044250e-03 4.522457718849182129e-03 4.415774717926979065e-03 4.111063666641712189e-03 4.107997752726078033e-03 4.550436511635780334e-03
8.792809210717678070e-03 8.860749192535877228e-03 9.363742545247077942e-03 9.143476374447345734e-03 1.063317526131868362e-02 1.078437920659780502e-02 4.420398268848657608e-03 4.510255530476570129e-03 4.351875279098749161e-03 3.983967937529087067e-03 4.043241031467914581e-03 4.445258062332868576e-03
8.989797905087471008e-03 8.668558672070503235e-03 9.358076378703117371e-03 9.192626923322677612e-03 1.049702614545822144e-02 1.047820225358009338e-02 4.584934096783399582e-03 4.474943503737449646e-03 4.380957223474979401e-03 4.088038112968206406e-03 4.070250317454338074e-03 4.549912642687559128e-03
8.732217364013195038e-03 8.853379637002944946e-03 9.551257826387882233e-03 9.308888576924800873e-03 1.029119547456502914e-02 1.061399746686220169e-02 4.458045586943626404e-03 4.550119861960411072e-03 4.398686345666646957e-03 4.033628851175308228e-03 4.078870173543691635e-03 4.463037941604852676e-03
9.007780812680721283e-03 8.733937516808509827e-03 9.220913052558898926e-03 9.050694294273853302e-03 1.065300218760967255e-02 1.086231786757707596e-02 4.488183651119470596e-03 4.443742334842681885e-03 4.336123354732990265e-03 4.016747232526540756e-03 4.022704903036355972e-03 4.497184418141841888e-03
8.813942782580852509e-03 8.741127327084541321e-03 9.650542400777339935e-03 9.402226656675338745e-03 1.018408220261335373e-02 1.039544772356748581e-02 4.512012470513582230e-03 4.526448436081409454e-03 4.409772343933582306e-03 4.082132130861282349e-03 4.094746429473161697e-03 4.520846530795097351e-03
8.883744478225708008e-03 8.864603005349636078e-03 9.274085983633995056e-03 9.026319719851016998e-03 1.057077851146459579e-02 1.113021373748779297e-02 4.408026114106178284e-03 4.447344690561294556e-03 4.313113167881965637e-03 3.969279117882251740e-03 4.004974849522113800e-03 4.440847318619489670e-03
8.996380493044853210e-03 8.646637201309204102e-03 9.522706270217895508e-03 9.323273785412311554e-03 1.037853769958019257e-02 1.034588087350130081e-02 4.529585596174001694e-03 4.473995417356491089e-03 4.382465966045856476e-03 4.086206201463937759e-03 4.071748815476894379e-03 4.575905855745077133e-03
8.731079287827014923e-03 8.940974250435829163e-03 9.533513337373733521e-03 9.112858213484287262e-03 1.035521831363439560e-02 1.092030201107263565e-02 4.415418487042188644e-03 4.493377171456813812e-03 4.345358815044164658e-03 3.996461629867553711e-03 4.049870185554027557e-03 4.438895266503095627e-03
9.056197479367256165e-03 8.638060651719570160e-03 9.284934960305690765e-03 9.169454686343669891e-03 1.073390897363424301e-02 1.053016632795333862e-02 4.491864237934350967e-03 4.430215805768966675e-03 4.335154779255390167e-03 4.046060610562562943e-03 4.036505240947008133e-03 4.580805543810129166e-03
8.743813261389732361e-03 8.880838751792907715e-03 9.666347876191139221e-03 9.253946132957935333e-03 1.019881758838891983e-02 1.052783057093620300e-02 4.490911960601806641e-03 4.529389552772045135e-03 4.395313095301389694e-03 4.061886575073003769e-03 4.094008356332778931e-03 4.490227904170751572e-03
8.880415931344032288e-03 8.867295458912849426e-03 9.275442920625209808e-03 9.025168605148792267e-03 1.056755520403385162e-02 1.113741472363471985e-02 4.406604915857315063e-03 4.447569604963064194e-03 4.312841687351465225e-03 3.968530800193548203e-03 4.004840739071369171e-03 4.439656157046556473e-03
9.000795893371105194e-03 8.643939159810543060e-03 9.519016370177268982e-03 9.322887286543846130e-03 1.038268022239208221e-02 1.034479588270187378e-02 4.529719240963459015e-03 4.472858272492885590e-03 4.381865262985229492e-03 4.086256492882966995e-03 4.071143455803394318e-03 4.577384330332279205e-03
8.728044107556343079e-03 8.943438529968261719e-03 9.539254941046237946e-03 9.113918989896774292e-03 1.034939195960760117e-02 1.091696135699748993e-02 4.415687639266252518e-03 4.494274035096168518e-03 4.345939494669437408e-03 3.997005522251129150e-03 4.050742369145154953e-03 4.438679199665784836e-03
9.056913666427135468e-03 8.637567050755023956e-03 9.280473925173282623e-03 9.165949188172817230e-03 1.074279937893152237e-02 1.053305249661207199e-02 4.490843508392572403e-03 4.429303109645843506e-03 4.334086552262306213e-03 4.045230336487293243e-03 4.035932477563619614e-03 4.581185989081859589e-03
8.743955753743648529e-03 8.879304863512516022e-03 9.668695740401744843e-03 9.255820885300636292e-03 1.019478030502796173e-02 1.052147988229990005e-02 4.492643289268016815e-03 4.530149511992931366e-03 4.396462813019752502e-03 4.063476808369159698e-03 4.095030482858419418e-03 4.491540603339672089e-03
8.932333439588546753e-03 8.763293735682964325e-03 9.232021868228912354e-03 9.062224999070167542e-03 1.090285927057266235e-02 1.073247846215963364e-02 4.440384916961193085e-03 4.441841039806604385e-03 4.310572519898414612e-03 3.988934215158224106e-03 4.025201313197612762e-03 4.501190502196550369e-03
8.862689137458801270e-03 8.729093708097934723e-03 9.559319354593753815e-03 9.276559576392173767e-03 1.027919817715883255e-02 1.033973135054111481e-02 4.576229490339756012e-03 4.522248636931180954e-03 4.416076932102441788e-03 4.112182650715112686e-03 4.108356311917304993e-03 4.551650490611791611e-03
8.789553306996822357e-03 8.862260729074478149e-03 9.366268292069435120e-03 9.145220741629600525e-03 1.062899641692638397e-02 1.078335382044315338e-02 4.419932141900062561e-03 4.512074403464794159e-03 4.352984018623828888e-03 3.984084352850914001e-03 4.044021479785442352e-03 4.444591701030731201e-03
8.992008864879608154e-03 8.667437359690666199e-03 9.353623725473880768e-03 9.189792908728122711e-03 1.050126459449529648e-02 1.048195548355579376e-02 4.585291258990764618e-03 4.474238026887178421e-03 4.380477592349052429e-03 4.087701439857482910e-03 4.069708287715911865e-03 4.549842793494462967e-03
8.730947040021419525e-03 8.852459490299224854e-03 9.554720483720302582e-03 9.313610382378101349e-03 1.028488669544458389e-02 1.060895621776580811e-02 4.459045361727476120e-03 4.551021847873926163e-03 4.399694502353668213e-03 4.034744575619697571e-03 4.079662263393402100e-03 4.463586956262588501e-03
9.008077904582023621e-03 8.735884912312030792e-03 9.217393584549427032e-03 9.047005325555801392e-03 1.065498683601617813e-02 1.087198685854673386e-02 4.486680030822753906e-03 4.443222656846046448e-03 4.335238598287105560e-03 4.015335813164710999e-03 4.021672531962394714e-03 4.495854955166578293e-03
8.815788663923740387e-03 8.738206699490547180e-03 9.652786888182163239e-03 9.404120035469532013e-03 1.018238347023725510e-02 1.038958784192800522e-02 4.513164050877094269e-03 4.526286385953426361e-03 4.410245455801486969e-03 4.083242733031511307e-03 4.095251671969890594e-03 4.522276110947132111e-03
9.035365656018257141e-03 8.672220632433891296e-03 9.193786419928073883e-03 9.092727676033973694e-03 1.078601367771625519e-02 1.050411164760589600e-02 4.663631319999694824e-03 4.433228634297847748e-03 4.327466711401939392e-03 4.063060041517019272e-03 4.022770095616579056e-03 4.538942594081163406e-03
8.726840838789939880e-03 8.788596838712692261e-03 9.616082534193992615e-03 9.279764257371425629e-03 1.020725350826978683e-02 1.036006864160299301e-02 4.559736233204603195e-03 4.590065218508243561e-03 4.450352396816015244e-03 4.104854073375463486e-03 4.130601417273283005e-03 4.519121255725622177e-03
8.875543251633644104e-03 8.748967200517654419e-03 9.195863269269466400e-03 9.009973146021366119e-03 1.070786546915769577e-02 1.092154625803232193e-02 4.456270951777696609e-03 4.506564699113368988e-03 4.373406991362571716e-03 4.007341805845499039e-03 4.055805038660764694e-03 4.474191460758447647e-03
8.881235495209693909e-03 8.646529167890548706e-03 9.494454599916934967e-03 9.470049291849136353e-03 1.019941549748182297e-02 1.034729368984699249e-02 4.568389616906642914e-03 4.525914788246154785e-03 4.425845574587583542e-03 4.113307688385248184e-03 4.110388923436403275e-03 4.550504498183727264e-03
8.788713254034519196e-03 8.973953314125537872e-03 9.326040744781494141e-03 9.171691723167896271e-03 1.036660280078649521e-02 1.108610443770885468e-02 4.396561998873949051e-03 4.503298550844192505e-03 4.335512872785329819e-03 3.964981995522975922e-03 4.014062229543924332e-03 4.405813291668891907e-03
9.068611077964305878e-03 8.654343895614147186e-03 9.392225183546543121e-03 9.128143079578876495e-03 1.051937881857156754e-02 1.055881753563880920e-02 4.524035844951868057e-03 4.449793603271245956e-03 4.359262064099311829e-03 4.067067988216876984e-03 4.045174922794103622e-03 4.566481802612543106e-03
8.693580515682697296e-03 8.824099786579608917e-03 9.720425121486186981e-03 9.198368526995182037e-03 1.014109328389167786e-02 1.077835168689489365e-02 4.456211812794208527e-03 4.519213922321796417e-03 4.387920722365379333e-03 4.049711860716342926e-03 4.082379397004842758e-03 4.481987562030553818e-03
9.095143526792526245e-03 8.654450997710227966e-03 9.166786447167396545e-03 9.102548472583293915e-03 1.066431496292352676e-02 1.097668148577213287e-02 4.431993700563907623e-03 4.396164324134588242e-03 4.300336819142103195e-03 3.998341970145702362e-03 3.991516306996345520e-03 4.555063787847757339e-03
8.872703649103641510e-03 8.802038617432117462e-03 9.696898981928825378e-03 9.360264055430889130e-03 1.014886982738971710e-02 1.031959149986505508e-02 4.519047681242227554e-03 4.503583069890737534e-03 4.390769172459840775e-03 4.083638545125722885e-03 4.093367606401443481e-03 4.542572889477014542e-03
8.758812211453914642e-03 8.935407735407352448e-03 9.362517856061458588e-03 8.955462835729122162e-03 1.084749028086662292e-02 1.079992018640041351e-02 4.382821265608072281e-03 4.470951389521360397e-03 4.304913803935050964e-03 3.967055585235357285e-03 4.084378480911254883e-03 4.463599994778633118e-03
8.920178748667240143e-03 8.630256168544292450e-03 9.421063587069511414e-03 9.184274822473526001e-03 1.056306529790163040e-02 1.029306463897228241e-02 4.560064058750867844e-03 4.501528572291135788e-03 4.405428655445575714e-03 4.121991805732250214e-03 4.114668816328048706e-03 4.617748782038688660e-03
8.717149496078491211e-03 8.894679136574268341e-03 9.497877210378646851e-03 9.239870123565196991e-03 1.042407006025314331e-02 1.065438240766525269e-02 4.450268577784299850e-03 4.539684392511844635e-03 4.378202836960554123e-03 4.015502054244279861e-03 4.066489636898040771e-03 4.455165006220340729e-03
8.761117234826087952e-03 8.907156996428966522e-03 9.344155900180339813e-03 9.106227196753025055e-03 1.065663248300552368e-02 1.085221581161022186e-02 4.400600679218769073e-03 4.521378315985202789e-03 4.347835667431354523e-03 3.966978751122951508e-03 4.043702967464923859e-03 4.425330087542533875e-03
9.012893773615360260e-03 8.625513873994350433e-03 9.342056699097156525e-03 9.181694127619266510e-03 1.052753813564777374e-02 1.041285693645477295e-02 4.609275609254837036e-03 4.474440123885869980e-03 4.387401044368743896e-03 4.106029402464628220e-03 4.079712554812431335e-03 4.573926329612731934e-03
8.681640960276126862e-03 8.869506418704986572e-03 9.581221267580986023e-03 9.327311068773269653e-03 1.021655648946762085e-02 1.063971035182476044e-02 4.454726353287696838e-03 4.569395910948514938e-03 4.410621710121631622e-03 4.037539474666118622e-03 4.087797831743955612e-03 4.457310307770967484e-03
9.061085991561412811e-03 8.708633482456207275e-03 9.146932512521743774e-03 9.018675424158573151e-03 1.071630325168371201e-02 1.090815197676420212e-02 4.495492205023765564e-03 4.428919404745101929e-03 4.324983339756727219e-03 4.010794684290885925e-03 4.009595140814781189e-03 4.503768403083086014e-03
8.785421028733253479e-03 8.740473538637161255e-03 9.721350856125354767e-03 9.438740089535713196e-03 1.009424868971109390e-02 1.031808555126190186e-02 4.530840087682008743e-03 4.540659952908754349e-03 4.423989914357662201e-03 4.099632147699594498e-03 4.110879264771938324e-03 4.529019352048635483e-03
8.868647739291191101e-03 8.877164684236049652e-03 9.219336323440074921e-03 8.968004956841468811e-03 1.063252985477447510e-02 1.124135870486497879e-02 4.386092536151409149e-03 4.445953294634819031e-03 4.304703325033187866e-03 3.954419866204261780e-03 4.001633729785680771e-03 4.433491267263889313e-03
9.019811637699604034e-03 8.605517446994781494e-03 9.533899836242198944e-03 9.350196458399295807e-03 1.034164056181907654e-02 1.026631612330675125e-02 4.550039302557706833e-03 4.478815477341413498e-03 4.395061172544956207e-03 4.106706008315086365e-03 4.084270447492599487e-03 4.601068329066038132e-03
8.682643063366413116e-03 8.985771797597408295e-03 9.549999609589576721e-03 9.110959246754646301e-03 1.033011358231306076e-02 1.097373943775892258e-02 4.399927332997322083e-03 4.500922746956348419e-03 4.341387189924716949e-03 3.985563758760690689e-03 4.049662034958600998e-03 4.422645084559917450e-03
9.105759672820568085e-03 8.602773770689964294e-03 9.225261397659778595e-03 9.137864224612712860e-03 1.080138236284255981e-02 1.051449030637741089e-02 4.510578233748674393e-03 4.417001269757747650e-03 4.328226204961538315e-03 4.054013639688491821e-03 4.031249321997165680e-03 4.604740068316459656e-03
8.699075318872928619e-03 8.891927078366279602e-03 9.739406406879425049e-03 9.266566485166549683e-03 1.011942140758037567e-02 1.047389209270477295e-02 4.498048685491085052e-03 4.551891703158617020e-03 4.412744194269180298e-03 4.074947442859411240e-03 4.111261572688817978e-03 4.494152497500181198e-03
8.942647837102413177e-03 8.747682906687259674e-03 9.165525436401367188e-03 9.012779220938682556e-03 1.099533494561910629e-02 1.080088131129741669e-02 4.433682188391685486e-03 4.431472159922122955e-03 4.299956373870372772e-03 3.979984670877456665e-03 4.018991254270076752e-03 4.504394717514514923e-03
8.863389492034912109e-03 8.704038336873054504e-03 9.582858532667160034e-03 9.329710155725479126e-03 1.020979881286621094e-02 1.024929620325565338e-02 4.599814768880605698e-03 4.534348845481872559e-03 4.431901965290307999e-03 4.133753944188356400e-03 4.123623017221689224e-03 4.570803139358758926e-03
8.845427073538303375e-03 8.837806992232799530e-03 9.325438179075717926e-03 9.126738645136356354e-03 1.064198464155197144e-02 1.080590113997459412e-02 4.430283326655626297e-03 4.495901986956596375e-03 4.346386063843965530e-03 3.987075760960578918e-03 4.035235382616519928e-03 4.455146845430135727e-03
8.951356634497642517e-03 8.687916211783885956e-03 9.432713501155376434e-03 9.222637861967086792e-03 1.042689383029937744e-02 1.045902911573648453e-02 4.569602198898792267e-03 4.485970828682184219e-03 4.387887194752693176e-03 4.088078625500202179e-03 4.077583085745573044e-03 4.543669987469911575e-03
8.754410780966281891e-03 8.849814534187316895e-03 9.496637620031833649e-03 9.256447665393352509e-03 1.035638060420751572e-02 1.071890350431203842e-02 4.444409627467393875e-03 4.528907127678394318e-03 4.380975849926471710e-03 4.020642023533582687e-03 4.065184853971004486e-03 4.460614174604415894e-03
9.019453078508377075e-03 8.715424686670303345e-03 9.268831461668014526e-03 9.106150828301906586e-03 1.058924663811922073e-02 1.077150832861661911e-02 4.496911074966192245e-03 4.446942359209060669e-03 4.344054963439702988e-03 4.030475392937660217e-03 4.029445350170135498e-03 4.514887928962707520e-03
8.795930072665214539e-03 8.787888102233409882e-03 9.642624296247959137e-03 9.350165724754333496e-03 1.022215280681848526e-02 1.047444250434637070e-02 4.491918720304965973e-03 4.520407412201166153e-03 4.395796917378902435e-03 4.063480999320745468e-03 4.085495136678218842e-03 4.503033589571714401e-03
8.910301141440868378e-03 8.821101859211921692e-03 9.272509254515171051e-03 9.036282077431678772e-03 1.062054373323917389e-02 1.101857516914606094e-02 4.426905885338783264e-03 4.442679695785045624e-03 4.316256847232580185e-03 3.985431976616382599e-03 4.013828933238983154e-03 4.468916915357112885e-03
8.947512134909629822e-03 8.682332932949066162e-03 9.548631496727466583e-03 9.318849071860313416e-03 1.034202240407466888e-02 1.036759652197360992e-02 4.521604161709547043e-03 4.489087034016847610e-03 4.389488138258457184e-03 4.084151238203048706e-03 4.078876227140426636e-03 4.563184455037117004e-03
8.770775049924850464e-03 8.914321660995483398e-03 9.472604840993881226e-03 9.102719835937023163e-03 1.045683957636356354e-02 1.089354697614908218e-02 4.420675337314605713e-03 4.482943564653396606e-03 4.337424412369728088e-03 3.992361016571521759e-03 4.043437540531158447e-03 4.445685539394617081e-03
9.018642827868461609e-03 8.652633056044578552e-03 9.336184710264205933e-03 9.199397638440132141e-03 1.065369881689548492e-02 1.047256216406822205e-02 4.514850676059722900e-03 4.447473213076591492e-03 4.350115079432725906e-03 4.060932900756597519e-03 4.050465300679206848e-03 4.576366394758224487e-03
8.749159052968025208e-03 8.882928639650344849e-03 9.606317616999149323e-03 9.220300242304801941e-03 1.027236320078372955e-02 1.059327647089958191e-02 4.476498346775770187e-03 4.529822152107954025e-03 4.389813169836997986e-03 4.047275055199861526e-03 4.085883963853120804e-03 4.479695111513137817e-03
8.948629721999168396e-03 8.733145892620086670e-03 9.258982725441455841e-03 9.092347696423530579e-03 1.082781609147787094e-02 1.067360956221818924e-02 4.468717146664857864e-03 4.448002204298973083e-03 4.326003603637218475e-03 4.009466152638196945e-03 4.033606033772230148e-03 4.513000603765249252e-03
8.831733837723731995e-03 8.757006376981735229e-03 9.559788741171360016e-03 9.292483329772949219e-03 1.026129815727472305e-02 1.041125133633613586e-02 4.553567618131637573e-03 4.525736439973115921e-03 4.411387722939252853e-03 4.096440970897674561e-03 4.101392813026905060e-03 4.531244747340679169e-03
9.093543514609336853e-03 8.607881143689155579e-03 9.070676751434803009e-03 9.023972786962985992e-03 1.110643427819013596e-02 1.054843794554471970e-02 4.552811849862337112e-03 4.396080970764160156e-03 4.292879253625869751e-03 4.035609774291515350e-03 4.011381417512893677e-03 4.593626596033573151e-03
8.701072074472904205e-03 8.806957863271236420e-03 9.740994311869144440e-03 9.308066219091415405e-03 1.003978587687015533e-02 1.023598201572895050e-02 4.589888732880353928e-03 4.598062485456466675e-03 4.467414226382970810e-03 4.141265992075204849e-03 4.158436786383390427e-03 4.545422270894050598e-03
8.838486857712268829e-03 8.800451643764972687e-03 9.137806482613086700e-03 8.975092321634292603e-03 1.098778098821640015e-02 1.090586557984352112e-02 4.408403299748897552e-03 4.493464250117540359e-03 4.331283271312713623e-03 3.959923982620239258e-03 4.040064755827188492e-03 4.454713314771652222e-03
8.923944085836410522e-03 8.605692535638809204e-03 9.470684453845024109e-03 9.368238039314746857e-03 1.022945251315832138e-02 1.019931863993406296e-02 4.661323968321084976e-03 4.532610997557640076e-03 4.445818252861499786e-03 4.163706675171852112e-03 4.135821945965290070e-03 4.596731625497341156e-03
8.677749894559383392e-03 8.968800306320190430e-03 9.393745101988315582e-03 9.220189414918422699e-03 1.038939505815505981e-02 1.091270148754119873e-02 4.392146598547697067e-03 4.573829472064971924e-03 4.378364887088537216e-03 3.972690552473068237e-03 4.051942843943834305e-03 4.401790443807840347e-03
9.112458676099777222e-03 8.612469770014286041e-03 9.220373816788196564e-03 9.051898494362831116e-03 1.062208879739046097e-02 1.063069887459278107e-02 4.587406292557716370e-03 4.443306941539049149e-03 4.361431114375591278e-03 4.079199861735105515e-03 4.046210087835788727e-03 4.565798211842775345e-03
8.641030639410018921e-03 8.805632591247558594e-03 9.767030365765094757e-03 9.407441131770610809e-03 1.000080630183219910e-02 1.053657289594411850e-02 4.484241828322410583e-03 4.574974533170461655e-03 4.432740155607461929e-03 4.078665282577276230e-03 4.114835988730192184e-03 4.489368759095668793e-03
9.075315669178962708e-03 8.736451156437397003e-03 9.039489552378654480e-03 8.929884061217308044e-03 1.072050351649522781e-02 1.131078694015741348e-02 4.417340736836194992e-03 4.394992720335721970e-03 4.286103881895542145e-03 3.963089082390069962e-03 3.971572965383529663e-03 4.487811122089624405e-03
8.896613493561744690e-03 8.670880459249019623e-03 9.769042022526264191e-03 9.484684094786643982e-03 1.005738042294979095e-02 1.013569254428148270e-02 4.554264713078737259e-03 4.518289584666490555e-03 4.421945195645093918e-03 4.123991820961236954e-03 4.115312360227108002e-03 4.585238639265298843e-03
8.707998320460319519e-03 9.011236950755119324e-03 9.343651123344898224e-03 8.901563473045825958e-03 1.061899401247501373e-02 1.125877536833286285e-02 4.346542526036500931e-03 4.463511984795331955e-03 4.293143749237060547e-03 3.938528709113597870e-03 4.037727601826190948e-03 4.411666654050350189e-03
9.097613394260406494e-03 8.520739153027534485e-03 9.368955157697200775e-03 9.250821545720100403e-03 1.060772687196731567e-02 1.020926237106323242e-02 4.559309221804141998e-03 4.456250462681055069e-03 4.382241517305374146e-03 4.121901467442512512e-03 4.084869753569364548e-03 4.673649091273546219e-03
8.604689501225948334e-03 9.013442322611808777e-03 9.693856351077556610e-03 9.183267131447792053e-03 1.018948573619127274e-02 1.073405984789133072e-02 4.434945993125438690e-03 4.549748264253139496e-03 4.380549769848585129e-03 4.021681379526853561e-03 4.088527988642454147e-03 4.439085256308317184e-03
8.761828765273094177e-03 8.911146782338619232e-03 9.190709330141544342e-03 8.900261484086513519e-03 1.116680074483156204e-02 1.084814593195915222e-02 4.353370051831007004e-03 4.473852459341287613e-03 4.285354167222976685e-03 3.927632234990596771e-03 4.067824222147464752e-03 4.446412902325391769e-03
8.932460099458694458e-03 8.575515821576118469e-03 9.439406916499137878e-03 9.224154055118560791e-03 1.039857324212789536e-02 1.011873222887516022e-02 4.673694260418415070e-03 4.531148355454206467e-03 4.449056461453437805e-03 4.188245628029108047e-03 4.152873530983924866e-03 4.649471025913953781e-03
8.618688210844993591e-03 8.941640146076679230e-03 9.468284435570240021e-03 9.258378297090530396e-03 1.042075175791978836e-02 1.072330214083194733e-02 4.409347660839557648e-03 4.603861365467309952e-03 4.403073806315660477e-03 3.991012927144765854e-03 4.077854100614786148e-03 4.417143296450376511e-03
9.127588011324405670e-03 8.598622865974903107e-03 9.089244529604911804e-03 9.020729921758174896e-03 1.076954603195190430e-02 1.057000365108251572e-02 4.702182952314615250e-03 4.429177381098270416e-03 4.344005603343248367e-03 4.087899345904588699e-03 4.033048637211322784e-03 4.561283625662326813e-03
8.627544157207012177e-03 8.791156113147735596e-03 9.743080474436283112e-03 9.461654350161552429e-03 9.986073710024356842e-03 1.029482111334800720e-02 4.542038775980472565e-03 4.630684386938810349e-03 4.478619433939456940e-03 4.115373827517032623e-03 4.151032306253910065e-03 4.511252511292695999e-03
8.972895331680774689e-03 8.769573643803596497e-03 9.007852524518966675e-03 8.843868039548397064e-03 1.077914703637361526e-02 1.133261527866125107e-02 4.426981788128614426e-03 4.453460685908794403e-03 4.326033405959606171e-03 3.965943586081266403e-03 4.005736671388149261e-03 4.449232947081327438e-03
8.885022252798080444e-03 8.573665283620357513e-03 9.690481238067150116e-03 9.596046991646289825e-03 1.002969872206449509e-02 1.009553112089633942e-02 4.589038901031017303e-03 4.538350738584995270e-03 4.450444597750902176e-03 4.151518922299146652e-03 4.136641509830951691e-03 4.596892278641462326e-03
8.709236048161983490e-03 9.065680205821990967e-03 9.283594787120819092e-03 8.983337320387363434e-03 1.037751603871583939e-02 1.152657158672809601e-02 4.335884470492601395e-03 4.475573077797889709e-03 4.296811297535896301e-03 3.921145107597112656e-03 3.993669524788856506e-03 4.364314023405313492e-03
9.206192567944526672e-03 8.505958132445812225e-03 9.360578842461109161e-03 9.219806641340255737e-03 1.057686377316713333e-02 1.029497291892766953e-02 4.554131068289279938e-03 4.428366199135780334e-03 4.362290725111961365e-03 4.105220083147287369e-03 4.052615724503993988e-03 4.666333086788654327e-03
8.553255349397659302e-03 8.992294780910015106e-03 9.853053838014602661e-03 9.139894507825374603e-03 1.000127661973237991e-02 1.083623804152011871e-02 4.435863345861434937e-03 4.545968025922775269e-03 4.388325847685337067e-03 4.040101077407598495e-03 4.099030978977680206e-03 4.448041319847106934e-03
9.165718220174312592e-03 8.559543639421463013e-03 9.005291387438774109e-03 9.022506885230541229e-03 1.108188275247812271e-02 1.079716160893440247e-02 4.441448021680116653e-03 4.364749416708946228e-03 4.272955935448408127e-03 4.004512447863817215e-03 3.987347707152366638e-03 4.630221985280513763e-03
8.758497424423694611e-03 8.827952668070793152e-03 9.822792373597621918e-03 9.370241314172744751e-03 9.949065744876861572e-03 1.016692165285348892e-02 4.577999003231525421e-03 4.563722293823957443e-03 4.445561207830905914e-03 4.139766097068786621e-03 4.149091895669698715e-03 4.561715293675661087e-03
9.125246666371822357e-03 8.591188117861747742e-03 9.094752371311187744e-03 9.060954675078392029e-03 1.107619702816009521e-02 1.059832610189914703e-02 4.468499217182397842e-03 4.388150759041309357e-03 4.290536977350711823e-03 4.019205924123525620e-03 4.007873591035604477e-03 4.612402524799108505e-03
8.715601637959480286e-03 8.851109072566032410e-03 9.787150658667087555e-03 9.297954849898815155e-03 1.001971308141946793e-02 1.028783991932868958e-02 4.563993308693170547e-03 4.566057585179805756e-03 4.440871533006429672e-03 4.124920815229415894e-03 4.142154939472675323e-03 4.535966087132692337e-03
8.845723234117031097e-03 8.816055022180080414e-03 9.160622023046016693e-03 8.987400680780410767e-03 1.109923049807548523e-02 1.082512643188238144e-02 4.386940971016883850e-03 4.463617689907550812e-03 4.299657884985208511e-03 3.948430065065622330e-03 4.032197874039411545e-03 4.468323197215795517e-03
8.925302885472774506e-03 8.635306730866432190e-03 9.487304836511611938e-03 9.271465241909027100e-03 1.028286200016736984e-02 1.019568182528018951e-02 4.662522580474615097e-03 4.528453107923269272e-03 4.440888762474060059e-03 4.164713434875011444e-03 4.135197959840297699e-03 4.603644832968711853e-03
8.667706511914730072e-03 8.927355520427227020e-03 9.430106729269027710e-03 9.224982000887393951e-03 1.050589419901371002e-02 1.074840594083070755e-02 4.401572979986667633e-03 4.578074440360069275e-03 4.385116510093212128e-03 3.980337642133235931e-03 4.066923167556524277e-03 4.416850861161947250e-03
9.082476608455181122e-03 8.622067049145698547e-03 9.181709960103034973e-03 9.058645926415920258e-03 1.064532622694969177e-02 1.060075964778661728e-02 4.627232439815998077e-03 4.450089763849973679e-03 4.365831147879362106e-03 4.087873734533786774e-03 4.053529817610979080e-03 4.557794425636529922e-03
8.658338338136672974e-03 8.807135745882987976e-03 9.703857824206352234e-03 9.462509304285049438e-03 1.005854550749063492e-02 1.041377149522304535e-02 4.494100809097290039e-03 4.598906729370355606e-03 4.447475075721740723e-03 4.079961217939853668e-03 4.120316822081804276e-03 4.488413687795400620e-03
9.020495228469371796e-03 8.776551112532615662e-03 9.059077128767967224e-03 8.898152969777584076e-03 1.072312798351049423e-02 1.127284672111272812e-02 4.443015903234481812e-03 4.421716090291738510e-03 4.305365961045026779e-03 3.969791345298290253e-03 3.987844567745923996e-03 4.455348476767539978e-03
8.879713714122772217e-03 8.627699688076972961e-03 9.726328775286674500e-03 9.530240669846534729e-03 1.007557660341262817e-02 1.014905050396919250e-02 4.558407701551914215e-03 4.528390709310770035e-03 4.432641901075839996e-03 4.127529915422201157e-03 4.117929376661777496e-03 4.579823464155197144e-03
8.754089474678039551e-03 9.001378901302814484e-03 9.306054562330245972e-03 8.934485726058483124e-03 1.046534627676010132e-02 1.143526285886764526e-02 4.353156313300132751e-03 4.458738956600427628e-03 4.298412706702947617e-03 3.935183864086866379e-03 4.001883789896965027e-03 4.389344714581966400e-03
9.139613248407840729e-03 8.521110750734806061e-03 9.410733357071876526e-03 9.301125071942806244e-03 1.054460089653730392e-02 1.024188473820686340e-02 4.543090704828500748e-03 4.440832417458295822e-03 4.369821399450302124e-03 4.103471059352159500e-03 4.063931293785572052e-03 4.653110168874263763e-03
8.603335358202457428e-03 9.025914594531059265e-03 9.726598858833312988e-03 9.135807864367961884e-03 1.011352613568305969e-02 1.087405998259782791e-02 4.423976410180330276e-03 4.529192578047513962e-03 4.369150847196578979e-03 4.018347710371017456e-03 4.080185201019048691e-03 4.433234687894582748e-03
