9.295083284378051758e-01 8.753819465637207031e-01 8.949651122093200684e-01 9.814096689224243164e-01 9.282836914062500000e-01 9.465164542198181152e-01 8.065846562385559082e-01 8.924008011817932129e-01 7.582472562789916992e-01 8.744885325431823730e-01 8.625733256340026855e-01 9.986645579338073730e-01
3.923080489039421082e-02 2.652596682310104370e-02 9.919272363185882568e-02 8.070889860391616821e-02 1.039069145917892456e-01 8.065144717693328857e-02 1.177135389298200607e-02 5.643434077501296997e-02 6.013413518667221069e-02 2.220680238679051399e-03 3.306570462882518768e-03 1.173889078199863434e-02
2.000000029802322388e-01 1.518957167863845825e-01 9.923238307237625122e-02 8.203656226396560669e-02 9.309201240539550781e-01 9.628650546073913574e-02 1.028379350900650024e-01 2.000000029802322388e-01 1.310837566852569580e-01 9.325764775276184082e-01 9.120548963546752930e-01 9.837551116943359375e-01
3.505045175552368164e-02 9.481353163719177246e-01 9.422488808631896973e-01 6.260310858488082886e-02 1.575631797313690186e-01 2.000000029802322388e-01 1.417873799800872803e-01 9.690657258033752441e-01 4.761282354593276978e-02 7.243573199957609177e-03 9.263696074485778809e-01 1.669094711542129517e-02
9.659200906753540039e-01 5.534534156322479248e-02 6.510596722364425659e-02 9.814096689224243164e-01 2.000000029802322388e-01 8.980215340852737427e-02 9.133711457252502441e-01 2.809423021972179413e-02 9.149662852287292480e-01 9.457255005836486816e-01 4.597666673362255096e-03 9.927749633789062500e-01
1.251394301652908325e-01 1.492622196674346924e-01 1.439414620399475098e-01 8.070890605449676514e-02 1.438035219907760620e-01 9.282836914062500000e-01 6.904837489128112793e-02 5.673912167549133301e-02 5.244331434369087219e-02 1.595109142363071442e-02 5.659836158156394958e-02 1.365845557302236557e-02
2.945789135992527008e-02 2.425639517605304718e-02 8.971437811851501465e-01 8.203656971454620361e-02 9.445898234844207764e-02 1.039069890975952148e-01 4.917748272418975830e-02 2.337899245321750641e-02 2.845701761543750763e-02 3.121807426214218140e-02 5.959866568446159363e-03 4.450947791337966919e-02
9.428616166114807129e-01 9.319307804107666016e-01 9.489829838275909424e-02 6.260310858488082886e-02 9.465164542198181152e-01 9.309200644493103027e-01 9.268609285354614258e-01 9.536030888557434082e-01 9.818379878997802734e-01 9.825753569602966309e-01 9.800366163253784180e-01 9.882915019989013672e-01
9.505986422300338745e-02 2.000000029802322388e-01 1.905589997768402100e-01 9.814096689224243164e-01 8.065145462751388550e-02 1.575631797313690186e-01 1.480020433664321899e-01 1.570744067430496216e-01 4.878278449177742004e-02 8.317537605762481689e-03 2.760757878422737122e-02 5.536464601755142212e-02
2.000000029802322388e-01 1.208188533782958984e-01 2.000000029802322388e-01 8.070892840623855591e-02 9.628649801015853882e-02 2.000000029802322388e-01 7.890167087316513062e-02 5.233129858970642090e-02 6.842359155416488647e-02 4.229594022035598755e-02 1.485145743936300278e-02 2.177156694233417511e-02
1.243292093276977539e-01 2.000000029802322388e-01 1.264126449823379517e-01 8.203657716512680054e-02 2.000000029802322388e-01 1.438034921884536743e-01 3.408589633181691170e-03 9.600616693496704102e-01 9.508317708969116211e-01 2.440040698274970055e-03 9.854938387870788574e-01 6.470813415944576263e-03
2.000000029802322388e-01 2.000000029802322388e-01 4.185192659497261047e-02 6.260314583778381348e-02 8.980218321084976196e-02 9.445903450250625610e-02 8.961424231529235840e-01 1.691598445177078247e-02 1.603085920214653015e-02 9.409714341163635254e-01 2.117153489962220192e-03 2.469581551849842072e-03
