9.990000128746032715e-01 9.990000128746032715e-01 9.990000128746032715e-01 9.990000128746032715e-01 9.942298531532287598e-01 9.990000128746032715e-01 9.318089485168457031e-01 9.456104040145874023e-01 8.639733195304870605e-01 8.811796903610229492e-01 9.517749547958374023e-01 9.990000128746032715e-01
3.487052023410797119e-02 6.916036456823348999e-02 1.024696901440620422e-01 9.096338599920272827e-02 7.255239784717559814e-02 5.288375541567802429e-02 1.119121164083480835e-02 1.861114054918289185e-02 1.791128329932689667e-02 1.000000047497451305e-03 1.000000047497451305e-03 1.000000047497451305e-03
1.580596566200256348e-01 1.444499492645263672e-01 7.367447018623352051e-02 7.581512629985809326e-02 9.663520455360412598e-01 9.156313538551330566e-02 5.496561899781227112e-02 8.362317085266113281e-02 5.316246673464775085e-02 9.320473670959472656e-01 9.275824427604675293e-01 9.762268662452697754e-01
6.382266990840435028e-03 9.990000128746032715e-01 9.990000128746032715e-01 7.874565571546554565e-02 7.939390093088150024e-02 1.111373677849769592e-01 1.785382255911827087e-02 9.990000128746032715e-01 5.669926293194293976e-03 1.481923973187804222e-03 9.786168336868286133e-01 5.086277145892381668e-03
9.990000128746032715e-01 4.797586705535650253e-03 7.535208761692047119e-02 9.990000128746032715e-01 7.139129638671875000e-01 6.135618314146995544e-02 9.990000128746032715e-01 8.609114214777946472e-03 9.990000128746032715e-01 9.600956439971923828e-01 1.000000047497451305e-03 9.990000128746032715e-01
3.014721162617206573e-02 1.055761054158210754e-01 1.271487325429916382e-01 9.096338599920272827e-02 8.658069372177124023e-02 9.942299127578735352e-01 5.157683417201042175e-02 3.042014129459857941e-02 5.862046405673027039e-02 1.000000047497451305e-03 1.000000047497451305e-03 1.788876391947269440e-02
1.013556569814682007e-01 1.901768334209918976e-02 9.990000128746032715e-01 7.581510394811630249e-02 2.668462321162223816e-02 7.255232334136962891e-02 2.657506242394447327e-02 2.542306855320930481e-02 3.041108138859272003e-02 1.000000047497451305e-03 1.000000047497451305e-03 3.430950269103050232e-02
9.989443421363830566e-01 9.990000128746032715e-01 7.109714299440383911e-02 7.874567806720733643e-02 9.990000128746032715e-01 9.663520455360412598e-01 9.990000128746032715e-01 9.990000128746032715e-01 9.990000128746032715e-01 9.990000128746032715e-01 9.990000128746032715e-01 9.990000128746032715e-01
7.423184812068939209e-02 6.252682209014892578e-02 4.647841304540634155e-02 9.990000128746032715e-01 5.288380756974220276e-02 7.939387857913970947e-02 3.845575824379920959e-02 4.666289314627647400e-02 2.022035047411918640e-02 2.385531086474657059e-03 1.963261049240827560e-03 3.880491107702255249e-02
2.639417052268981934e-01 1.085847690701484680e-01 1.053821220993995667e-01 9.096354991197586060e-02 9.156317263841629028e-02 7.139134407043457031e-01 1.439757198095321655e-01 3.933181241154670715e-02 8.662130683660507202e-02 1.817615702748298645e-03 1.000000047497451305e-03 2.468173019587993622e-02
3.777188435196876526e-02 7.638069242238998413e-02 1.116171032190322876e-01 7.581510394811630249e-02 1.111375615000724792e-01 8.658072352409362793e-02 2.781318034976720810e-03 9.638585448265075684e-01 9.333685040473937988e-01 1.000000047497451305e-03 9.962965250015258789e-01 1.297245640307664871e-02
1.233116313815116882e-01 1.193697080016136169e-01 3.024035319685935974e-02 7.874567061662673950e-02 6.135615706443786621e-02 2.668465301394462585e-02 9.663533568382263184e-01 2.794145606458187103e-03 5.807042121887207031e-03 9.687885046005249023e-01 1.000000047497451305e-03 3.018885292112827301e-02
