6.811460107564926147e-02 2.744292020797729492e-01 1.000000047497451305e-03 1.000000047497451305e-03 5.479180812835693359e-02 4.631473496556282043e-02 1.000000047497451305e-03 1.000000047497451305e-03 1.000000047497451305e-03 1.000000047497451305e-03 1.000000047497451305e-03 1.000000047497451305e-03
1.000000047497451305e-03 1.144476793706417084e-02 1.000000047497451305e-03 2.699759043753147125e-02 1.432918664067983627e-02 1.175942248664796352e-03 1.000000047497451305e-03 1.000000047497451305e-03 1.000000047497451305e-03 1.000000047497451305e-03 1.000000047497451305e-03 1.000000047497451305e-03
9.244330227375030518e-02 1.052625700831413269e-01 1.000000047497451305e-03 1.000000047497451305e-03 9.990000128746032715e-01 1.381157990545034409e-02 1.000000047497451305e-03 1.000000047497451305e-03 1.000000047497451305e-03 1.000000047497451305e-03 1.000000047497451305e-03 1.000000047497451305e-03
1.000000047497451305e-03 7.678865790367126465e-01 9.990000128746032715e-01 5.790728610008955002e-03 3.466310352087020874e-02 2.351911962032318115e-01 1.000000047497451305e-03 1.000000047497451305e-03 1.000000047497451305e-03 1.000000047497451305e-03 1.000000047497451305e-03 1.000000047497451305e-03
3.016912639141082764e-01 1.865187659859657288e-03 1.000000047497451305e-03 7.232940196990966797e-02 3.395856590941548347e-03 1.000000047497451305e-03 1.000000047497451305e-03 1.000000047497451305e-03 1.000000047497451305e-03 1.000000047497451305e-03 1.000000047497451305e-03 1.000000047497451305e-03
1.786909252405166626e-01 1.612127274274826050e-01 1.000000047497451305e-03 9.223915636539459229e-03 1.000000047497451305e-03 9.969679117202758789e-01 1.000000047497451305e-03 1.000000047497451305e-03 1.000000047497451305e-03 1.000000047497451305e-03 1.000000047497451305e-03 1.000000047497451305e-03
1.000000047497451305e-03 1.287929620593786240e-02 1.000000047497451305e-03 1.852894127368927002e-01 1.289818994700908661e-02 1.568104024045169353e-03 1.000000047497451305e-03 1.000000047497451305e-03 1.000000047497451305e-03 1.000000047497451305e-03 1.000000047497451305e-03 1.000000047497451305e-03
6.139286160469055176e-01 1.567675173282623291e-01 5.514821968972682953e-03 1.529902685433626175e-02 2.697988180443644524e-03 2.759692966938018799e-01 1.000000047497451305e-03 1.000000047497451305e-03 1.000000047497451305e-03 1.000000047497451305e-03 1.000000047497451305e-03 1.000000047497451305e-03
1.000000047497451305e-03 6.400785595178604126e-02 1.000000047497451305e-03 9.201013445854187012e-01 1.000000047497451305e-03 1.413331925868988037e-02 1.000000047497451305e-03 1.000000047497451305e-03 1.000000047497451305e-03 1.000000047497451305e-03 1.000000047497451305e-03 1.000000047497451305e-03
6.542562693357467651e-02 1.267371512949466705e-02 1.000000047497451305e-03 2.579943537712097168e-01 3.389404341578483582e-02 1.616345951333642006e-03 1.000000047497451305e-03 1.000000047497451305e-03 1.000000047497451305e-03 1.000000047497451305e-03 1.000000047497451305e-03 1.000000047497451305e-03
1.000000047497451305e-03 1.302537918090820312e-01 1.000000047497451305e-03 8.028182201087474823e-03 4.766344092786312103e-03 2.828984148800373077e-02 1.000000047497451305e-03 1.000000047497451305e-03 1.000000047497451305e-03 1.000000047497451305e-03 1.000000047497451305e-03 1.000000047497451305e-03
1.000000047497451305e-03 1.421625912189483643e-02 5.642723292112350464e-03 2.300235815346240997e-02 1.000000047497451305e-03 1.000000047497451305e-03 1.000000047497451305e-03 1.000000047497451305e-03 1.000000047497451305e-03 1.000000047497451305e-03 1.000000047497451305e-03 1.000000047497451305e-03
